454045201000011
454045201120039
454045201120040
454045201120041
454045201120043
454045201120044
454045201140013
454045201150010
454045211000230
454045221080012
454045226000033
454045226000034
454045274001357
454045274001358
454045274001359
454045274001360
454045274001361
454045401000009
454045401000010
454045411000083
454045411000084
454045421660331
454045421660333
454045421660334
454045421660335
454045421660336
454045421660337
454045421660338
454045421660339
454045421660340
454045421660341
454045421660342
454045421660343
454045421660344
454045421660345
454045421660346
454045421660347
454045421660348
454045421660349
454045421660350
454045421660351
454045421660352
454045421660353
454045421660354
454045421660355
454045421660356
454045421660357
454045421660358
454045421660359
454045421660360
454045421660361
454045421660362
454045421660363
454045421660364
454045421660365
454045421660366
454045421660367
454045421660368
454045421660369
454045421660370
454045421660371
454045421660372
454045421660373
454045421660374
454045421660375
454045421660376
454045421660377
454045421660378
454045421660379
454045421660380
454045421660381
454045421660382
454045421660383
454045421660384
454045421660385
454045421660386
454045477770048
811811000548385
811811000548386
811811000548387
